90 90 90 90
90 90 90 90
90 90 90 90
90 90 90 90
90 90 90 90
90 90 90 90
90 90 90 90
90 90 90 90
90 90 90 90
90 90 90 90
90 90 90 90
90 90 90 90
90 90 90 90
90 90 90 90
90 90 90 90
90 90 90 90
90 90 90 90
90 90 90 90
90 90 90 90
90 90 90 90
90 90 90 90
90 90 90 90
90 90 90 90
90 90 90 90
90 90 90 90
90 90 90 90
90 90 90 90
90 90 90 90
90 90 90 90
90 90 90 90
90 90 90 90
90 90 90 90
90 90 90 90
90 90 90 90
90 90 90 90
90 90 90 90
90 90 90 90
90 90 90 90
90 90 90 90
90 90 90 90
90 90 90 90
90 90 90 90
90 90 90 90
90 90 90 90
90 90 90 90
90 90 90 90
90 90 90 90
90 90 90 90
90 90 90 90
90 90 90 90
90 90 90 90
90 90 90 90
90 90 90 90
90 90 90 90
90 90 90 90
90 90 90 90
90 90 90 90
90 90 90 90
90 90 90 90
90 90 90 90
90 90 90 90
90 90 90 90
90 90 90 90
90 90 90 90
90 90 90 90
90 90 90 90
90 90 90 90
90 90 90 90
90 90 90 90
90 90 90 90
90 90 90 90
90 90 90 90
90 90 90 90
90 90 90 90
90 90 90 90
90 90 90 90
90 90 90 90
90 90 90 90
90 90 90 90
90 90 90 90
90 90 90 90
90 90 90 90
90 90 90 90
90 90 90 90
90 90 90 90
90 90 90 90
90 90 90 90
90 90 90 90
90 90 90 90
90 90 90 90
90 90 90 90
90 90 90 90
90 90 90 90
90 90 90 90
90 90 90 90
90 90 90 90
90 90 90 90
90 90 90 90
90 90 90 90
90 90 90 90
90 90 90 90
90 90 90 90
90 90 90 90
90 90 90 90
90 90 90 90
90 90 90 90
90 90 90 90
90 90 90 90
90 90 90 90
90 90 90 90
90 90 90 90
90 90 90 90
90 90 90 90
90 90 90 90
90 90 90 90
90 90 90 90
90 90 90 90
90 90 90 90
90 90 90 90
90 90 90 90
90 90 90 90
90 90 90 90
90 90 90 90
90 90 90 90
90 90 90 90
90 90 90 90
90 90 90 90
8d 6c 24 28
b8 b7 b2 05
10 68 3a 8e
04 08 c3 00  
00 35 68 55
